96 3 132 3
96 12 96 3
132 3 132 48
132 48 78 48
78 48 78 57
78 57 42 57
42 57 42 12
42 12 96 12
108 18 108 3
126 18 108 18
126 24 126 18
126 24 108 24
108 24 108 42
108 42 102 42
102 42 102 24
102 24 84 24
84 24 84 6
84 6 54 6
54 6 54 24
54 24 36 24
36 24 36 54
36 54 54 54
54 54 54 57
66 57 66 42
66 42 48 42
48 42 48 36
48 36 66 36
66 36 66 18
66 18 72 18
72 18 72 36
72 36 90 36
90 36 90 54
90 54 120 54
120 54 120 36
120 36 138 36
138 36 138 6
138 6 120 6
120 6 120 3
58 57 58 52
62 56 62 57
62 56 68 56
68 56 68 46
68 46 62 46
62 46 62 40
58 52 64 52
64 52 64 50
64 50 58 50
58 50 58 44
58 44 56 44
56 44 56 50
56 50 50 50
62 40 52 40
52 40 52 46
52 46 46 46
50 50 50 56
46 46 46 52
50 56 40 56
46 52 44 52
44 52 44 46
44 46 38 46
40 56 40 50
40 50 34 50
34 50 34 40
34 40 40 40
38 46 38 44
38 44 44 44
40 40 40 38
40 38 34 38
34 38 34 28
34 28 40 28
40 28 40 22
40 22 50 22
50 22 50 28
50 28 56 28
56 28 56 34
56 34 58 34
58 34 58 28
58 28 64 28
64 28 64 26
64 26 58 26
44 44 44 34
44 34 38 34
38 34 38 32
38 32 44 32
44 32 44 26
44 26 46 26
46 26 46 32
46 32 52 32
52 32 52 38
52 38 62 38
62 38 62 32
62 32 68 32
68 32 68 22
68 22 62 22
58 26 58 20
62 22 62 16
58 20 52 20
52 20 52 10
52 10 58 10
58 10 58 4
58 4 68 4
68 4 68 10
68 10 70 10
70 10 70 4
70 4 80 4
80 4 80 10
80 10 86 10
86 10 86 20
86 20 80 20
80 20 80 26
62 16 56 16
56 16 56 14
56 14 62 14
62 14 62 8
62 8 64 8
64 8 64 14
64 14 74 14
74 14 74 8
74 8 76 8
76 8 76 14
76 14 82 14
82 14 82 16
82 16 76 16
76 16 76 22
76 22 70 22
70 22 70 32
70 32 76 32
76 32 76 38
76 38 86 38
86 38 86 32
86 32 92 32
80 26 74 26
74 26 74 28
74 28 80 28
80 28 80 34
80 34 82 34
82 34 82 28
82 28 88 28
88 28 88 22
88 22 98 22
98 22 98 28
98 28 104 28
92 32 92 26
92 26 94 26
94 26 94 32
94 32 100 32
100 32 100 34
100 34 94 34
94 34 94 40
104 28 104 38
104 38 98 38
98 38 98 44
98 44 92 44
94 40 88 40
88 40 88 50
92 44 92 46
92 46 98 46
98 46 98 52
98 52 100 52
100 52 100 46
100 46 110 46
88 50 94 50
94 50 94 56
94 56 104 56
104 56 104 50
104 50 106 50
106 50 106 56
106 56 116 56
116 56 116 50
116 50 122 50
110 46 110 52
110 52 112 52
112 52 112 46
112 46 118 46
118 46 118 44
118 44 112 44
122 50 122 40
122 40 116 40
116 40 116 34
112 44 112 38
112 38 106 38
106 38 106 28
106 28 112 28
116 34 110 34
110 34 110 32
110 32 116 32
116 32 116 26
116 26 118 26
118 26 118 32
112 28 112 22
112 22 122 22
122 22 122 28
118 32 124 32
124 32 124 38
122 28 128 28
128 28 128 34
128 34 130 34
130 34 130 28
124 38 134 38
134 38 134 32
134 32 140 32
140 32 140 22
130 28 136 28
136 28 136 26
136 26 130 26
130 26 130 16
140 22 134 22
134 22 134 20
134 20 140 20
140 20 140 10
140 10 134 10
130 16 136 16
136 16 136 14
136 14 130 14
130 14 130 8
134 10 134 4
134 4 124 4
130 8 128 8
128 8 128 14
124 4 124 10
124 10 118 10
118 10 118 16
128 14 122 14
122 14 122 20
122 20 112 20
112 20 112 14
118 16 116 16
116 16 116 10
112 14 106 14
106 14 106 4
106 4 112 4
112 4 112 3
116 10 110 10
110 10 110 8
110 8 116 8
116 8 116 3
